  # бренд                 выход% кликов  рег  ФД рег/100рег/10тыс
  1 Lucky Bird               9.2    608   23   2   1.195    378.3
  2 Leon                    18.9  14850   17   6   0.883     11.4
  3 Martin                  17.5  23496   14   4   0.728      6.0
  4 Pinco                   34.5  52828   11   1   0.572      2.1
  5 Mellstroy               24.7  27635   11   1   0.572      4.0
  6 Shuffle                 13.6   2224   10   1    0.52     45.0
  7 Eva                     20.9  31585    9   1   0.488      2.8
  8 Dragon Money            17.2   2802    9   0   0.468     32.1
  9 Luckybear                7.0    427    9   0   0.468    210.8
 10 Cactus                  28.7  65729    8   1   0.416      1.2
 11 Олимп                   17.2   2006    8   1   0.416     39.9
 12 Vodka                   34.3  10599    7   1   0.364      6.6
 13 Money X                  7.0    688    7   1   0.364    101.7
 14 Fenix                   11.8  32343    6   2   0.326      1.9
 15 1xbet                   24.3   2138    6   0   0.312     28.1
 16 Селектор                20.3  16962    6   0   0.312      3.5
 17 R7                      17.8  14305    6   5   0.312      4.2
 18 Like                    25.4  12752    5   0   0.272      3.9
 19 Покердом                77.5  17767    5   0    0.26      2.8
 20 Trix                    15.7   6040    5   2    0.26      8.3
 21 Frank                   11.6   1626    5   2    0.26     30.8
 22 Olympus-play             1.7     68    4   0   0.217    588.2
 23 Bounty                  33.8   6681    4   2   0.208      6.0
 24 Kush                    30.9  67488    4   1   0.208      0.6
 25 Pin Up                  26.9  30219    4   0   0.208      1.3
 26 Spin City               16.5   9487    4   0   0.208      4.2
 27 Goodwin                 14.9   6687    4   1   0.208      6.0
 28 Maxline                  6.1    830    4   0   0.208     48.2
 29 Twin                     4.3   2456    4   1   0.208     16.3
 30 Apex                    26.5  69460    3   0   0.169      0.4
 31 Spinto                  33.7  11939    3   1   0.163      2.5
 32 Slotgames               14.8   4231    3   1   0.163      7.1
 33 Slott                    8.5   3938    3   0   0.163      7.6
 34 Iris                     5.6   6581    3   1   0.163      4.6
 35 Winline                  4.7    525    3   1   0.163     57.1
 36 Kent                    29.4  50727    3   1   0.156      0.6
 37 Leebet                  29.3  53547    3   1   0.156      0.6
 38 Stake                   21.8   3951    3   1   0.156      7.6
 39 Casino X                21.2   2694    3   0   0.156     11.1
 40 GetX                    19.4  10002    3   1   0.156      3.0
 41 UP-X                    15.6   8958    3   2   0.156      3.3
 42 1Go                     14.5   3437    3   1   0.156      8.7
 43 Вулкан 24                9.8   2143    3   0   0.156     14.0
 44 Brillx                   7.6    605    3   0   0.156     49.6
 45 Kraken                   4.7   3833    3   1   0.156      7.8
 46 Ezcash                   2.0   2329    3   0   0.156     12.9
 47 Эверум                   1.4     39    3   0   0.156    769.2
 48 Fugu                     8.7   9421    2   1   0.113      2.1
 49 Riobet                  39.9  29444    2   0   0.104      0.7
 50 Мелбет                  26.1   1830    2   0   0.104     10.9
 51 Turbo                   21.9   3806    2   0   0.104      5.3
 52 1win                    21.8 185794    2   0   0.104      0.1
 53 Slotozal                18.8   1474    2   1   0.104     13.6
 54 Zooma                   17.0  15456    2   0   0.104      1.3
 55 Mad                     16.3   5191    2   0   0.104      3.9
 56 Unlim Casino            13.9   1989    2   2   0.104     10.1
 57 Pokerok                 13.8  12640    2   0   0.104      1.6
 58 Betera                  12.2   3104    2   0   0.104      6.4
 59 Gama                    12.1   7027    2   0   0.104      2.8
 60 Vulkan Platinum         12.0   1879    2   1   0.104     10.6
 61 Fraga                   11.2    895    2   0   0.104     22.3
 62 Casino7                 10.2    320    2   0   0.104     62.5
 63 888starz                 9.9   2704    2   0   0.104      7.4
 64 Marathon                 8.4   2703    2   1   0.104      7.4
 65 Onion                    7.9    869    2   1   0.104     23.0
 66 Лутран                   7.6    421    2   1   0.104     47.5
 67 Nomad                    5.1    163    2   0   0.104    122.7
 68 Sol                      3.0    295    2   1   0.104     67.8
 69 Metelitsa               11.1   2445    1   0   0.058      4.1
 70 Faro                    16.4  12673    1   0   0.057      0.8
 71 Vulkan Pobeda            0.7     13    1   0   0.056    769.2
 72 Tonplay                 19.9   8309    1   0   0.054      1.2
 73 Smoky                   17.2   3606    1   0   0.054      2.8
 74 Winity                  13.6   6412    1   0   0.054      1.6
 75 Sweet                    7.3   1951    1   0   0.054      5.1
 76 Volta                    3.3    997    1   0   0.054     10.0
 77 Platinum                 0.9     23    1   0   0.054    434.8
 78 Slotoro                  0.3      5    1   0   0.054   2000.0
 79 Enomo                   40.7  44328    1   0   0.052      0.2
 80 Dbbet                   38.1  16116    1   0   0.052      0.6
 81 Banda                   35.5  26607    1   1   0.052      0.4
 82 Arkada                  34.8  52094    1   0   0.052      0.2
 83 New Retro               34.4  24289    1   0   0.052      0.4
 84 1xSlots                 32.0   2842    1   0   0.052      3.5
 85 Вулкан Вегас            31.9  29488    1   0   0.052      0.3
 86 Jetton                  31.4  15357    1   0   0.052      0.7
 87 Aurora Casino           23.7   5571    1   0   0.052      1.8
 88 Vivaro                  23.4  15709    1   0   0.052      0.6
 89 Beef                    22.6  13483    1   1   0.052      0.7
 90 MostBet Bookmaker       21.6   1185    1   0   0.052      8.4
 91 Bigsbet                 19.9   4727    1   0   0.052      2.1
 92 Cat                     19.2  11061    1   0   0.052      0.9
 93 Atom                    16.6   2137    1   0   0.052      4.7
 94 Goldfishka              13.1   4350    1   0   0.052      2.3
 95 Mers                    12.4   4613    1   0   0.052      2.2
 96 Bitz                    11.9   3614    1   0   0.052      2.8
 97 Joycasino               11.6   7418    1   0   0.052      1.3
 98 Flagman                 11.2   3185    1   0   0.052      3.1
 99 Legzo                   10.0   1040    1   0   0.052      9.6
100 Вулкан Россия            7.4   1333    1   0   0.052      7.5
101 Million                  7.3   1328    1   0   0.052      7.5
102 Why                      7.2    214    1   0   0.052     46.7
103 Клуб Вулкан              7.1    555    1   0   0.052     18.0
104 Izzi                     4.5   1418    1   0   0.052      7.1
105 Fontan                   3.8    406    1   0   0.052     24.6
106 Rox                      3.6    177    1   0   0.052     56.5
107 Lex                      3.1    130    1   0   0.052     76.9
108 Jet                      3.0    155    1   0   0.052     64.5
109 Monro                    2.7    196    1   0   0.052     51.0
110 Фреш                     2.5    389    1   0   0.052     25.7
111 Boost                    1.6    279    1   0   0.052     35.8
112 Fonbet                   1.1     60    1   0   0.052    166.7
113 BitStarz                 1.0     22    1   0   0.052    454.5
114 Avocado                  0.8     18    1   0   0.052    555.6
115 Azino777                38.0  50377    0   0     0.0      0.0
116 Vavada                  37.2  24635    0   0     0.0      0.0
117 Sykaaa                  36.6  39437    0   0     0.0      0.0
118 Play Fortuna            34.2  22484    0   0     0.0      0.0
119 Sever                   33.9   8427    0   0     0.0      0.0
120 Yardwin                 33.0  18040    0   0     0.0      0.0
121 Motor                   32.6  44653    0   0     0.0      0.0
122 AUF                     32.5  12091    0   0     0.0      0.0
123 Epicstar                30.7  14893    0   0     0.0      0.0
124 7K                      29.6  11347    0   0     0.0      0.0
125 Kometa                  29.3  20733    0   0     0.0      0.0
126 Lev                     25.5   6132    0   0     0.0      0.0
127 Bitzamo                 24.7   1539    0   0     0.0      0.0
128 AdmiralX                24.4   2353    0   0     0.0      0.0
129 Jvspin                  23.4   8497    0   0     0.0      0.0
130 Wazbee                  23.1   1042    0   0     0.0      0.0
131 Gizbo                   21.9  23259    0   0     0.0      0.0
132 Onlybets                20.6   2421    0   0     0.0      0.0
133 Ramenbet                20.4   4456    0   0     0.0      0.0
134 CryptoBoss              20.2   2199    0   0     0.0      0.0
135 ClubNika                18.3  21363    0   0     0.0      0.0
136 Crystalslot             18.1   5272    0   0     0.0      0.0
137 Friends                 17.9   1080    0   0     0.0      0.0
138 Spinwin                 17.5    962    0   0     0.0      0.0
139 Jozz                    16.0  11071    0   0     0.0      0.0
140 Gold                    15.6  13145    0   0     0.0      0.0
141 Shot                    15.5   7276    0   0     0.0      0.0
142 Hype                    15.2   4420    0   0     0.0      0.0
143 Luckmore                15.2   5865    0   0     0.0      0.0
144 Vovan                   15.1   5164    0   0     0.0      0.0
145 Spinbetter              15.1   2606    0   0     0.0      0.0
146 Eldorado                14.4    699    0   0     0.0      0.0
147 Daddy                   14.3  11156    0   0     0.0      0.0
148 Baboss                  14.0   4603    0   0     0.0      0.0
149 Lilbet                  13.5   3278    0   0     0.0      0.0
150 Vegasy                  13.1   3403    0   0     0.0      0.0
151 Fairspin                12.2   1649    0   0     0.0      0.0
152 Honey Money             11.9   4783    0   0     0.0      0.0
153 Booi                    11.5   4309    0   0     0.0      0.0
154 Dune                    10.9   3578    0   0     0.0      0.0
155 Laki                    10.6   1066    0   0     0.0      0.0
156 Grizzly                 10.0   2448    0   0     0.0      0.0
157 Bollywood                8.0   3419    0   0     0.0      0.0
158 Luckyduck                7.2   1734    0   0     0.0      0.0
159 Azino888                 6.7    289    0   0     0.0      0.0
160 Explosino                6.5    217    0   0     0.0      0.0
161 Spacewin                 5.9    818    0   0     0.0      0.0
162 Champion                 5.9   1141    0   0     0.0      0.0
163 Lukkly                   5.6    493    0   0     0.0      0.0
164 Irwin                    5.4   2243    0   0     0.0      0.0
165 Maxbetslots              5.4   2314    0   0     0.0      0.0
166 Starda                   5.2    475    0   0     0.0      0.0
167 Champion Slots           5.0   1940    0   0     0.0      0.0
168 Betwinner                4.0    554    0   0     0.0      0.0
169 Kilogram                 4.0    347    0   0     0.0      0.0
170 Sprut                    3.7    672    0   0     0.0      0.0
171 Parimatch                3.6    251    0   0     0.0      0.0
172 Pari                     3.3    450    0   0     0.0      0.0
173 WinWin                   2.6    273    0   0     0.0      0.0
174 Drip                     2.4    569    0   0     0.0      0.0
175 Betunlim                 2.3   1013    0   0     0.0      0.0
176 Crypto                   2.2     82    0   0     0.0      0.0
177 Tippy                    2.1    307    0   0     0.0      0.0
178 Вулкан Старс             2.0     67    0   0     0.0      0.0
179 Win777                   2.0    284    0   0     0.0      0.0
180 Blitzred                 1.9     47    0   0     0.0      0.0
181 Волна                    1.7    702    0   0     0.0      0.0
182 Loft                     1.6    296    0   0     0.0      0.0
183 Realslots                1.3     39    0   0     0.0      0.0
184 Casinora                 1.2    129    0   0     0.0      0.0
185 Weiss                    1.0    159    0   0     0.0      0.0
186 F1                       1.0     36    0   0     0.0      0.0
187 888                      0.6     19    0   0     0.0      0.0
188 Jackpoker                0.6     84    0   0     0.0      0.0
189 RPTbet                   0.5      8    0   0     0.0      0.0
190 Вулкан Престиж           0.3      7    0   0     0.0      0.0
191 Winna                    0.3      6    0   0     0.0      0.0
192 Betus X                  0.3      6    0   0     0.0      0.0
193 Bonsai                   0.2      3    0   0     0.0      0.0
194 Vibe                     0.2      4    0   0     0.0      0.0
195 Onetap                   0.2      7    0   0     0.0      0.0
196 Rizk                     0.2      3    0   0     0.0      0.0
197 Bwin                     0.2      4    0   0     0.0      0.0
198 Вулкан Мега              0.1      5    0   0     0.0      0.0
199 Betobet                  0.1      1    0   0     0.0      0.0
200 1xbit                    0.1      2    0   0     0.0      0.0
201 Leovegas                 0.1      2    0   0     0.0      0.0
202 Banzaibet                0.1      1    0   0     0.0      0.0
203 Spartans                 0.1      1    0   0     0.0      0.0
204 National                 0.0      0    0   0     0.0        —
205 Wildblaster              0.0      0    0   0     0.0        —
206 Mr. Green                0.0      0    0   0     0.0        —
