=== Сигнал на уровне когорты: рег за 0–3 сутки ~ сайтов, вышедших за сутки ===
 запуск  сайтов  вышло ≤1 сут.  рег 0–3
  18.08    5448           1710        7
  19.08    8124           1880        8
  20.08   13341           1965       15
  21.08    9076           1409       22
  22.08    5202           1057       28
  23.08    1232            214        3
  24.08    3300            558        1
  25.08    7532           1174        8
  26.08   10601           1285       15
  27.08    6373            584        7
  28.08    1682            196        5
  29.08     168             31        0
  31.08    1650            697        7
  01.09    4366            961        7
  02.09    9800           1985       14
  03.09   16335           2620       25
  04.09   17828           1805       12
  05.09   11865            982        6
  06.09   12082           1634        6
  07.09   14476           1928       14
  08.09   22538           1612       12
  09.09   12587           1182       17
  10.09   16653           1393        9
  11.09   23731           2397       28
  12.09   21981           1477       10
  13.09   10905            529        1
  14.09   12509            553        3
  15.09   27919           2978       31
  16.09   29554           3914       16
  17.09   30471           2511       11
  18.09   20153           2147       13

=== Бэктест: прогноз итога дня на завтра и послезавтра, коэффициенты только из прошлого ===
  день гориз.  факт  по индексу  среднее 7  как вчера
 02.09      1     4        13.5       14.6         11
 03.09      2    21        14.1       14.6         11
 03.09      1    21        15.4       14.3          4
 04.09      2    23        14.1       14.3          4
 04.09      1    23        20.6       14.9         21
 05.09      2    17        16.9       14.9         21
 05.09      1    17        25.2       15.6         23
 06.09      2    24        19.8       15.6         23
 06.09      1    24        23.7       15.6         17
 07.09      2    12        20.1       15.6         17
 07.09      1    12        18.6       16.7         24
 08.09      2     9        18.5       16.7         24
 08.09      1     9        19.0       16.0         12
 09.09      2    25        19.8       16.0         12
 09.09      1    25        21.6       15.7          9
 10.09      2    17        21.4       15.7          9
 10.09      1    17        21.6       18.7         25
 11.09      2    21        21.7       18.7         25
 11.09      1    21        18.2       18.1         17
 12.09      2    24        19.0       18.1         17
 12.09      1    24        16.7       17.9         21
 13.09      2    21        17.4       17.9         21
 13.09      1    21        20.6       18.9         24
 14.09      2     4        19.5       18.9         24
 14.09      1     4        20.0       18.4         21
 15.09      2    16        19.2       18.4         21
 15.09      1    16        14.5       17.3          4
 16.09      2    30        16.1       17.3          4
 16.09      1    30        13.5       18.3         16
 17.09      2    18        15.8       18.3         16
 17.09      1    18        21.1       19.0         30
 18.09      2    19        20.1       19.0         30
 18.09      1    19        28.9       19.1         18
 19.09      2    27        24.3       19.1         18
 19.09      1    27        26.8       18.9         19
 20.09      2    18        23.6       18.9         19
 20.09      1    18        24.3       19.3         27
 21.09      2    20        23.5       19.3         27
 21.09      1    20        21.3       18.9         18
 22.09      2    21        21.8       18.9         18

Средняя ошибка, рег в день (меньше — лучше):
   индекс         завтра  5.79   послезавтра  5.25
   среднее 7 дн.  завтра  5.41   послезавтра  5.02
   смесь          завтра  5.41   послезавтра  4.95
   как вчера      завтра  8.15   послезавтра  8.50
