поисковых кликов: в окне 1889734, за всё время 2412061 (78%)
регистраций: в окне 382, за всё время 461
ФД: в окне 62, за всё время 75

ЗОНА
  уровень                        баз  сайтов кликов в окне    рег   ФД рег/10т в окне было за всё  разница
  lol                            762  152088     428389    102   17       2.4         2.1      +11%
  casino                         110   22636     139801     30    8       2.1         2.1       +4%
  team                          1119  226811    1294850    245   36       1.9         1.8       +3%
  buzz                            66   13454      15543      2    1       1.3         0.9      +47%

ВОЛНА
  уровень                        баз  сайтов кликов в окне    рег   ФД рег/10т в окне было за всё  разница
  первая волна                  2077  311393    1573647    324   53       2.1         1.9       +8%
  вторая волна                  1956  107570     316087     58    9       1.8         1.9       -3%

СТРАНИЦ В САЙТЕ
  уровень                        баз  сайтов кликов в окне    рег   ФД рег/10т в окне было за всё  разница
  12 страниц                     238   49024     283105     81   12       2.9         2.6      +12%
  7 страниц                      922  183989     557363    112   26       2.0         1.9       +5%

АККАУНТ ВЕБМАСТЕРА
  уровень                        баз  сайтов кликов в окне    рег   ФД рег/10т в окне было за всё  разница
  впервые                       1375  281352    1378571    280   41       2.0         1.9       +5%
  повторно                       702  137611     511163    102   21       2.0         1.8       +9%

МЕСЯЦ
  уровень                        баз  сайтов кликов в окне    рег   ФД рег/10т в окне было за всё  разница
  2026-09                       1715  344768    1068216    255   52       2.4         2.2       +7%
  2026-08                        373   74195     821518    127   10       1.5         1.5       +4%

НАБОРЫ КОНТЕНТА (от 2000 сайтов и 2000 кликов в окне)
  уровень                        баз  сайтов кликов в окне    рег   ФД рег/10т в окне было за всё  разница
  NEW50_12pages_withdate_01.09    17    3502      14141      9    2       6.4         6.5       -2%
  archive412_unique12оформлено    12    2471      22178     13    2       5.9         3.8      +53%
  NEW102оформленосдатой           18    3708      30432     15    5       4.9         4.4      +12%
  nabory-601-610                  10    2060       4114      2    1       4.9         4.4      +10%
  content-2026-09-15-7str-ofor    50   10299      15307      7    2       4.6         4.3       +7%
  nabory-555-564_styled_img       10    2060       6981      3    0       4.3         3.9      +11%
  archive37строформленоv2часть    45    9270      18661      7    2       3.8         2.7      +40%
  content-2026-09-14-12str-ofo    16    3296       5342      2    0       3.7         2.5      +52%
  NEW50_3_12pages_withdate_sty    14    2884      21613      8    2       3.7         3.0      +23%
  nabory411420_styled_img         10    2060       5985      2    2       3.3         2.9      +16%
  nabory274283                    10    2060       3058      1    0       3.3         7.0      -53%
  NEW33_12pages_nodate+img_25.    15    3090      25433      8    0       3.1         3.1       +2%
  archive47_unique119оформлено    40    8240      12950      4    2       3.1         3.0       +2%
  clean7_part1_50оформлено        50   10300      30038      9    1       3.0         2.4      +27%
  archive37строформленоv2часть    45    9270       6861      2    1       2.9         1.7      +73%
  NEW50_3_7pages_nodate_styled    13    2678       3613      1    0       2.8         2.3      +19%
  content-2026-09-17b-7str-ofo    40    7176      21691      6    1       2.8         2.7       +3%
  content-2026-09-17-7str-ofor    56    9576      54834     15    1       2.7         2.9       -5%
  content-2026-09-14c-7str-ofo    44    9064      55311     15    3       2.7         2.2      +25%
  Content_script_12page_08.09     11    2266      22145      6    0       2.7         2.3      +17%
  nabory-651-660                  10    2060       4399      1    0       2.3         2.2       +3%
  clean12_unique11оформлено       11    2266       8823      2    1       2.3         3.1      -27%
  archive37строформленоv2часть    45    9269      13319      3    1       2.3         2.6      -14%
  content-2026-09-12-7str-ofor   121   24925      32400      7    1       2.2         1.8      +22%
  script_yandex_12page            21    4326       9389      2    0       2.1         3.2      -33%
  content-2026-09-14b-7str-ofo    45    7814       9537      2    0       2.1         2.0       +4%
  content-2026-09-16-7str         42    8372      25427      5    1       2.0         1.9       +4%
  archive47_unique119оформлено    24    4943       6001      1    0       1.7         2.3      -27%
  NEW33_12pages_withdate+img_2    17    3500      24204      4    2       1.7         2.2      -24%
  NEW50_3_7pages_withdate_styl    12    2472       6137      1    0       1.6         1.2      +37%
  NEW102оформленобездаты          42    8652      37335      6    2       1.6         2.1      -22%
  content-2026-09-17-7str-ofor    50    9347      26058      4    1       1.5         1.5       +5%
  NEW50_3_12pages_nodate_style    11    2266      19563      3    0       1.5         1.2      +25%
  NEW50_7pages_nodate_01.09       14    2884      27455      4    1       1.5         2.2      -34%
  NEW50_2_12pages_withdate_02.    17    3501      20980      3    0       1.4         1.5       -7%
  content-2026-09-14c-7str-ofo    45    9270      63665      9    2       1.4         1.4       -2%
  content-2026-09-15-7str-ofor    50   10300      38091      5    2       1.3         1.2      +11%
  content-2026-09-14b-7str-ofo    51   10505      31182      4    2       1.3         1.6      -18%
  Generator_11page_NOimg_25.08    10    2060      16427      2    0       1.2         0.9      +30%
  nabory-535-544_styled_img       10    2060       9421      1    0       1.1         0.9      +12%
  content-2026-09-14-7str-ofor    31    6274       9506      1    1       1.1         3.4      -69%
  NEW50_7pages_withdate_01.09     11    2266      20287      2    1       1.0         1.0       -3%
  КОНТРОЛЬ NEW50_5_7pages_noda    18    3707      47580      4    1       0.8         0.7      +16%
  ТЕСТ B Generator_11page_NOim    11    2266      17388      0    0       0.0         2.7     -100%
  nabory294303                    10    2060       2985      0    0       0.0         0.0       +0%
  nabory400410_styled_img         11    2266       2774      0    0       0.0         0.0       +0%
  content-2026-09-14-7str-ofor    27    5450       4273      0    0       0.0         0.0       +0%
  nabory-515-524_styled_img       10    2060       2293      0    0       0.0         0.0       +0%
  nabory-565-580                  16    3295       8352      0    0       0.0         0.0       +0%
  nabory-581-590                  10    2004       2233      0    0       0.0         0.0       +0%
  nabory-591-600                  10    2060       6106      0    0       0.0         0.0       +0%
  nabory-641-650                  10    2060       8036      0    0       0.0         0.0       +0%

БРЕНДЫ (от 1200 сайтов и 3000 кликов в окне)
  уровень                        баз  сайтов кликов в окне    рег   ФД рег/10т в окне было за всё  разница
  Dragon Money                  2077    2077       3036      9    0      29.6        25.6      +16%
  Twin                          2076    2076       3072      4    1      13.0        15.8      -18%
  Leon                          2077    2077      15918     17    6      10.7        10.8       -1%
  Trix                          2077    2077       6125      5    2       8.2         5.7      +42%
  1Go                           2076    2076       3741      3    1       8.0         0.7    +1088%
  Kraken                        2077    2077       3942      3    1       7.6         5.0      +53%
  Slott                         1954    1954       4034      3    0       7.4         6.7      +11%
  Slotgames                     1959    1959       4367      3    1       6.9         6.1      +13%
  Vodka                         2075    2075      11300      7    1       6.2         4.7      +33%
  Betera                        2076    2076       3286      2    0       6.1         4.8      +26%
  Goodwin                       2077    2077       6688      4    1       6.0         8.3      -28%
  Bounty                        2077    2077       6806      4    2       5.9         5.9       -1%
  Martin                        2076    2076      24319     14    4       5.8         5.7       +1%
  Stake                         2077    2077       5854      3    1       5.1         4.1      +25%
  Turbo                         2077    2077       3912      2    0       5.1         4.1      +23%
  GetX                          2077    2077      10355      5    1       4.8         4.3      +13%
  Iris                          1953    1953       6582      3    1       4.6         8.1      -44%
  Mellstroy                     2076    2076      29024     13    1       4.5         4.6       -3%
  Spin City                     2077    2077       9490      4    0       4.2         4.4       -4%
  R7                            2076    2076      14392      6    5       4.2         3.8      +11%
  Селектор                      2076    2076      17370      7    1       4.0         3.3      +22%
  Like                          1951    1951      12967      5    0       3.9         3.7       +4%
  Mad                           2076    2076       5331      2    0       3.8         3.3      +15%
  Spinto                        1955    1955      12447      4    1       3.2         2.8      +14%
  Flagman                       2076    2076       3242      1    0       3.1         2.2      +40%
  UP-X                          2077    2077       9869      3    2       3.0         2.5      +23%
  Gama                          2077    2077       7110      2    0       2.8         1.8      +60%
  Покердом                      2076    2076      18250      5    0       2.7         2.5      +11%
  Smoky                         1953    1953       3700      1    0       2.7         2.2      +23%
  Bitz                          2076    2076       3713      1    0       2.7         1.5      +85%
  Eva                           1955    1955      35631      9    1       2.5         2.5       +2%
  Goldfishka                    2076    2076       4463      1    0       2.2         1.7      +28%
  Mers                          2076    2076       4868      1    0       2.1         1.7      +24%
  Bigsbet                       2076    2076       4884      1    0       2.0         3.4      -41%
  Fugu                          1883    1883      10090      2    1       2.0         1.7      +19%
  Aurora Casino                 2077    2077       5784      1    0       1.7         3.1      -44%
  Pinco                         2076    2076      65326     11    1       1.7         2.1      -19%
  Fenix                         1954    1954      37288      6    2       1.6         1.4      +11%
  Winity                        1954    1954       6745      1    0       1.5         1.3      +18%
  Pokerok                       2076    2076      13663      2    0       1.5         1.3      +14%
  Zooma                         2076    2076      15555      2    0       1.3         1.0      +29%
  Pin Up                        2076    2076      31739      4    0       1.3         0.8      +51%
  Joycasino                     2077    2077       7995      1    0       1.3         0.9      +44%
  Cactus                        2077    2077      67531      8    1       1.2         1.5      -18%
  Tonplay                       1956    1956       9338      1    0       1.1         0.9      +21%
  Cat                           2077    2077      11516      1    0       0.9         0.7      +19%
  Faro                          1870    1870      14179      1    0       0.7         0.6      +28%
  Beef                          2076    2076      15169      1    1       0.7         1.2      -44%
  Riobet                        2077    2077      30736      2    0       0.7         0.5      +27%
  Jetton                        2077    2077      16044      1    0       0.6         1.6      -62%
  Vivaro                        2077    2077      16121      1    0       0.6         0.5      +34%
  Kent                          2077    2077      52246      3    1       0.6         0.5      +15%
  Leebet                        2076    2076      56084      3    1       0.5         0.4      +42%
  Kush                          2077    2077      74946      4    1       0.5         0.5       +1%
  Dbbet                         2076    2076      19574      1    0       0.5         0.4      +32%
  Enomo                         2077    2077      45613      2    0       0.4         0.3      +34%
  Apex                          1887    1887      72148      3    0       0.4         0.3      +26%
  New Retro                     2077    2077      25407      1    0       0.4         0.3      +25%
  Gizbo                         2077    2077      25552      1    0       0.4         0.3      +33%
  Banda                         2077    2077      27932      1    1       0.4         0.3      +30%
  Вулкан Вегас                  2077    2077      30006      1    0       0.3         0.9      -63%
  Arkada                        2077    2077      56977      1    0       0.2         0.3      -39%
  1win                          2077    2077     196743      2    0       0.1         0.1      -14%
  Ramenbet                      2077    2077       4699      0    0       0.0         0.0       +0%
  Kometa                        2077    2077      21052      0    0       0.0         0.0       +0%
  7K                            2077    2077      16783      0    0       0.0         0.0       +0%
  Azino777                      2077    2077      51318      0    0       0.0         0.0       +0%
  Lev                           2077    2077       6327      0    0       0.0         0.0       +0%
  Booi                          2077    2077       4508      0    0       0.0         0.0       +0%
  Vovan                         2077    2077       5176      0    0       0.0         0.0       +0%
  ClubNika                      2076    2076      21530      0    0       0.0         0.0       +0%
  Sykaaa                        2077    2077      40353      0    0       0.0         0.0       +0%
  Hype                          2077    2077       4581      0    0       0.0         0.0       +0%
  Play Fortuna                  2077    2077      22984      0    0       0.0         0.0       +0%
  Vavada                        2077    2077      25201      0    0       0.0         0.0       +0%
  Motor                         2077    2077      47222      0    0       0.0         0.2     -100%
  Baboss                        2077    2077       4603      0    0       0.0         0.0       +0%
  AUF                           2077    2077      12672      0    0       0.0         0.6     -100%
  Daddy                         2077    2077      11605      0    0       0.0         0.0       +0%
  Bollywood                     2076    2076       3580      0    0       0.0         0.0       +0%
  Jozz                          2077    2077      11672      0    0       0.0         0.0       +0%
  Honey Money                   2077    2077       5053      0    0       0.0         0.0       +0%
  Gold                          2077    2077      13864      0    0       0.0         0.0       +0%
  Vegasy                        2077    2077       3553      0    0       0.0         0.0       +0%
  Shot                          2076    2076       7505      0    0       0.0         0.0       +0%
  Crystalslot                   2075    2075       5282      0    0       0.0         0.0       +0%
  Lilbet                        2075    2075       3531      0    0       0.0         0.0       +0%
  Jvspin                        1955    1955       8716      0    0       0.0         1.5     -100%
  Luckmore                      1952    1952       6019      0    0       0.0         0.0       +0%
  Yardwin                       1885    1885      18382      0    0       0.0         0.0       +0%
  Dune                          1883    1883       3579      0    0       0.0         2.3     -100%
  Epicstar                      1885    1885      15259      0    0       0.0         1.1     -100%
  Sever                         1834    1834       8947      0    0       0.0         0.0       +0%

